 000    0  36   9   0  36 185   8  36 190   8 132   0 128 141 212 132
 010    0  16  70  32 114   0 124 251  50 188   1   0 124 245 116  32
 020   59   6 238   6  70   8 121   6  57   8  73   8   2   2 130   9
 030  125   9  76   5   1   8  19   6  93   5 148   5  62   5 204   8 
 040  141 198 180   0   1 141 210  69  32 114   0 108 251 198 254  50
 050  141 216 133 212  70  32 114   0 108   3  36 217   1 133 210 189
 060  212   6 100   4 133 210 141 212 197 197 228  82 108  44  32 192
 070    5 116  30 198   1  72 228 255 202 255 226 255   1 202 255 226
 080  255  88  92  32 192   5 194   0 228  13 108   5  16  21  36  12
 090    0 133 212 141 214  70 196 127 202   0 133 210  69 133 198 180
 0a0   52   0 141 200  71  32 228   9  24 197 194 108  12  50 141 238
 0b0   34  17   9  30  94  32   1   9  24 133 200  71 132   0   0 141
 0c0  234 205 194 196   1 141 232  32  76   8  25  29 133 133 212 189
 0d0  232 189 214   6 100   2  31   1  50 141 240  32 109   1 124  27
 0e0   86  32 145   1 129   0  71  50  26   8 181 232 181 214 141 254
 0f0   58 177   0 181 214 141 214  32  92   1  94  50  71 133 240  70
 100   25 228  13 108 180 133 208  70  25  50 141 246  32 145   1  50
 110  189 246 141 254 181 214 189 216 189 232   1 100  62  87 133 214
 120   70  51 189 214  26 141 251  88  10 133 214 181 254 141 214  71
 130  194   0 203   0  56 108  16 198 255 207 255 157 251 124 248 197
 140  252 108   4 157 252 116 240  95 133 246  70  32  92   1  36 184
 150    0 194   0 228  13 108 247  35 152   1  27  31   1 198   1 207
 160    1 157 254 124 248 197 255 108   4 157 255 116 240  92 133 212
 170   70  50 141 251  25  29  24  21 187 254   1 100   5  32 145   1
 180  116 239  88 108   2 196   1  10  21 133 251  70  56  92 196 255
 190  116 245 196  13  46 116  23  92  76  73  83  84 147  78  69  87
 1a0  138  82  85  78 181  67  79  78  84 167 210  36 130   0  31   3
 1b0   29   3 116   3 133 234  20  32 109   1  25  86  29  10  21  94
 1c0   30  24  32  29   9 116 243  94  36 153   0  84  72  69  78 173
 1d0  172 133 238  70 196   1 205 194 116  55  32 192   5 196   1 205
 1e0  194 133 212  70 116   4 197 194 108 222 133 234  20  32 112   1
 1f0  100   6 196   0 205 194 116 208  29   8  21 141 195  35  46   2
 200   27  31   4  58 197 231 124   9 197 194 108   5 133 224  88 124
 210   20 196   0 205 231  32  29   9  28  58   3 116 224 198   1 228
 220   13 124 139 116 193 133 224  20 133 234 141 224 116  73  76  69
 230   84 166  73  70 243  76  73  78  75 247  78  69  88  84 156  85
 240   78  84  73  76 219  71  79 150  82  69  84  85  82  78 189  82
 250   69  77 207 128  35 191   2  27  36  90   4  36 104   3  35  98
 260    2  27  84  79 133  83  85  66 141 128  16 196   1 205 194  32
 270  109   1 108 132  31   7  16 133 222  87  71 133 204 205 246  51
 280   32 192   3  50 143   2  51 141 222  95 116 223 133 222 189 202
 290  108  12 133 222 188   2   0 141 222  70 130   0  70  22  31   8
 2a0  116  95  32 145   1 198 255  22  16  21  88 108 245  35 203   1
 2b0   27  16  34 194   4  21  87  86 189 232   8 133 198  70  92  70
 2c0   79  82 228  68  79 167  79  78 143  67  76  69  65  82 133 128
 2d0   35  35   4  27  32 197   5  22  16  28  44   1  21 212   1 108
 2e0    7 205 230  16  21 141 226  22  16  21 141 228  22 133 218  87
 2f0   71 133 206 205 246  51  32 192   3  50 143   2  51  95 141 218
 300   22  16 133 218 189 204  88 124   2  31  11  21  88 108   7 133
 310  218 188   2   0 116 232 133 218  70 130 254  70  22  83  84  69
 320   80 150 152  84  79 141 253  32 108   5 122  28  61 119  16  35
 330   35   3  27  16  35  29   3  27  16 116   4 133 232 143   2 133
 340  220  86  70 133 208 205 246  50  32 192   3  21 142   2  21 142
 350    2  21   9  21 141 246 206   1 129   0 142   2  50 141 220 133
 360  246  70  11 138   0  94  22  31  10  32 108   5  56  21   9 133
 370  220 189 206 108 242 133 220 188   7   0 141 220  86  70  11 250
 380    4 108   3  94 116 233 194   1 100   9  32 165   3 228 255 108
 390    7 116   3  32 165   3 100 205 130   5  94  70 133 220 180   7
 3a0    0 141 220  22  31   4 133 198 194   4  87  71 131   0 178   0
 3b0  139   0  95 186   2 108   4   1 212 128  92   1 124 250 196 255
 3c0   92 253 246 100   1  92  31   9  31   2 197 194 108 250  50 141
 3d0  242  32 108   5  41 196   3  32  26   4  32  76   8  16  21   9
 3e0   21  87  71  11 139   0  95 196   1  32  26   4  28  44  44  32
 3f0  108   5 214 196   3  32  26   4  28  44   1 116 224  28  36 201
 400   17 196   3  32  26   4  32  76   8  21  87  71 198   1 207   1
 410  228  13 124 248  95 196   1  32  26   4  22 205 194 133 240  78
 420  141 240  92  68  69  76  65  89 154  73  78  80  85  84 143  80
 430   82  73  78  84 139  80  82 136  83  84  79  80 145 157 116 138
 440   36 201   4  16  21 164  63   0  44  11  32 202   9  22  36 153
 450    0  83  84  65  84 137  64 146  36 177 158  35  81   4  27  28
 460   61 103  16  21   7 196   1 205 231  22  17  28  61  91  16  21
 470    9  21  87  71  11 203   0  95  22  32 108   5  76  28  61  73
 480   16  21   9  21  87  71  11 139   0  95  22  17  28  61  58 194
 490    0 228  34 124  28 198   1  21  87  71 198   1 228  34 108  10
 4a0  228  47 108  34 228  13 207   1 116 240 196  13 203   0  95  25
 4b0   22  28  36  21  17  21  86  70  21  87  71 198   1 207   1 228
 4c0   13 124 248  95  94  22  31   6  31   4 194   0 228  34 124  17
 4d0  198   1 198   1 228  34 108  24 228  47 108 234 228  13  23 116
 4e0  241  28  36   9  17  21  86  70  30  94 116   4  16  32 251   4
 4f0   25  28  44   3 116 212  28  59   2  22  24  22 131 254   1 100
 500    9   1  26 139 254 196  45  23 116   3 196  32  23 196   0 205
 510  254  21  35 246 255 164  10   0 141 252  13   8 164  10   0  44
 520   11  26 181 252 207   1 149 254  58 124 234   1 108   3   1 116
 530  228 199 255 244  48  23 157 254 124 247 196  32  23  95  92 198
 540    1 228  13 108   5 228  13  23 100 245  92 198   1 194   0 212
 550  127  72 228  32 108 245 228  42 108 241  64 108 238  92  58 181
 560  232   8  87  71 195   0 226   0  95 108  35 116  12 194   0  72
 570  252  91 100   5  64 252  65 100  13  58 141 246  87  71 133 234
 580  195   1 181 246  95  68  14   1 196   0   1 181 198  20 198   1
 590   25  58 181 232  68 194   0  45 224 133 234 141 246   9 198   1
 5a0   45  25 205 246 132  10   0  44  88 124  14  11 181 246   9  64
 5b0  100   2 116   5   6 212 192 108 229  31   5 198 255  11  20 116
 5c0  207 132   0   0 141 195 133 198 180  52   0 141 200 180  26   0
 5d0  141 202 141 222 180  16   0 141 204 141 218 180  16   0 141 206
 5e0  141 220 180  28   0 141 208  32 228   9 196  52 205 246 133 198
 5f0   71 132   0   0 141 234 141 224 141 226 141 228 141 192 205 230
 600  196   0 207   1 157 246 124 248 196   1 141 232 133 200  71 196
 610   82 205 197  92  58  86 199   1 100  21 116   5 199   1 100  15
 620   25  58 133 234 199 255 212 127 141 246  51 181 246  95  68 230
 630    1 212 127 108 231  94 199   1 100 252 116 217  32 142   6  35
 640   67   6  27  61 142  60  61 144  60  62 146  60 149  62  61 151
 650   62 154 166  19 212   2 116  23  19 212 130 116  18  19 212 129
 660  116  13  19 212 128 116   8  19 212   3 116   3  19 212   1 108
 670    5 132 255 255  20  92 133 234  20  92  32 142   6  18 189 246
 680    1 100   3 196 128  92  88 108   3 196   1  92 196   2  92  28
 690   45   9  32 199   6  21  26  20 116   6  28  43   1  32 199   6
 6a0   35 164   6  27  43 134  45 140  79  82 145 197  32 199   6  18
 6b0  181 246 116 227  32 199   6  18 189 246 116 219  32 199   6  18
 6c0  221 246   1 221 247   1 116 207  17  35 205   6  27  42 135  47
 6d0  141  65  78  68 144 155  17  18  32 244   7  20 116 235  17  18
 6e0   32  12   8 116 246  17  18 213 246   1 213 247   1 116 236  29
 6f0    2  92  35 246   6  27  40 178  64 183  35 229  78  79  84 183
 700   83  84  65  84 188  84  79  80 187  73  78  67 189  68  69  67
 710  194  77  79  68 206  82  78  68 229 128  32 108   5  18  32  34
 720    7  20  92  21  87  71 131   0  95  92  16  28  41   2  92  31
 730    4  17  32  34   7 116  36  17  21 228 255   1 228 255   1  20
 740   92   6 116  23 133 214 181 232  20  92  32 162   7  86  70 146
 750    0 116   7  32 162   7  86  70 154   0  94   1 196   0   1  20
 760   92 116  87  32 171   7  18   9 133 246 141 254  11 141 252  32
 770   12   8 141 246 133 254  32 244   7  26 181 252  20  92  32 171
 780    7 165 244 132 133   4  44  11 180  25  54 141 244  21 181 232
 790  187 254 141 246 133 244   1 212 127   1  32 102   7  21 179 254
 7a0  139 254  92  28  40  19  16  28  41  15  21  92  28  40  10  16
 7b0   28  44   6  16  28  41   2  92  31   4 133 234 141 246   9 198
 7c0    1  45   2 116  26  32 234   7 100  19  31   5 198   1  45   2
 7d0  116  13  32 234   7 100   6  11  20 198 255  25  92 244  10 205
 7e0  246  11  15  15  15  15 181 246   9 116 225 252  71 100   3 244
 7f0    6  92 196 255  92  32  30   8 165 246  44 141 192 197 251 100
 800   10  11 228 255   1 228 255   1 181 232  92  11  92  32  30   8
 810    9 133 246  88 108   7  11 165 246  13   9 116 224  31  12   9
 820  197 247 205 251 100   5 133 246  26 141 246  11  64 229 251 205
 830  251  11   1 100   3   1  26  92   1  92   8  51 189 202   1 100
 840    4  58 143   2  92  31   9  21 141 246 135 254  92 133 208  70
 850  196   0 205 254 197 194 108   7 196  63  23 196  32 116   2 196
 860   62  23  32  42   9 108 251  72 228  10 108 246 228   7 108  63
 870  228  82 108  37 228  87 108  27 228  29 108  14 228  22 124  35
 880  196  94  23 196  67  23  24  36 153   0 196  94  23 196  85  23
 890   24 116 186 196  32  23 196   8  23 197 254 108 197 157 254 198
 8a0  255 116 191  64 206   1 149 254 228  73 124 182 196  13  23 196
 8b0   13 206   1 196  10  23 133 208  70  92   8 133 226 116   3   8
 8c0  133 228 141 224  88 108   2  58  92  58  59   1  92  58  71  86
 8d0   38  12   9  30 133 234 195   1  71 133 200  79  20  32 251   4
 8e0  197 194 108   7 228   3 108  12  32   1   9  24  94 196   0 205
 8f0  194  36 153   0  24  34  24   9  30  94  24  94 133 242  70  36
 900  208   3  38  22   9  30 133 195  20  36 251   4  69  82  82  79
 910  210  83  84  79  80 160  65 212  82  69  84  89  80 197 197 230
 920  124   5   6 212  16 108   1  92  36 153   0  34   0 253 194   0
 930  100  67  94   6  10  57 254 196   9 205 255  59   4   6 212  16
 940  124 251  32 205   9   6 212  16 124 243  57 251  59   2  32 213
 950    9   0   0 157 255 108  21   6 212  16  60  60  60 205 246  60
 960   63   1  61   1   6 220   2 229 246   7 116 226  56 212 249   7
 970   64 212 127  72  92 132 245   9   8 130   1 189 232  68 196  13
 980   23 196  10  10  34   0 253 194   0 100  50  94  56  10  14   1
 990    6  10  57 250  32 211   9  32 211   9  59   2 196   9 205 251
 9a0   32 211   9 157 251 108  16  64 212   2 205 255  64  60  72   6
 9b0  220   2 229 255   7 116 233  56 212 249   7  56  92 130   3  70
 9c0  132 199   9   8 193   4 118 255  94  56  92   8 116  11   8 133
 9d0  236  12 116   5   1   1   8 133 236 189 232 124 252   1 108   3
 9e0    1 116 246  58  92  34   0 253 133 234 194   0 212   6 180 248
 9f0    9  70 130   0 141 236  94  92   4   0  46   0 213   0  82   2
 a00   53  32  73  78  80  85  84  32  65  13  49  48  32  70  79  82
 a10   73  61  65  84  79  35  70  70  70  13  50  48  32  80  82  73
 a20   78  84  73  44  64  73  44  64  40  73  43  49  41  13  51  48
 a30   32  73  61  73  43  49  13  52  48  32  73  70  32  77  79  68
 a40   40  73  44  49  54  41  61  49  53  32  84  72  69  78  73  78
 a50   80  85  84  75  13  53  48  32  78  69  88  84  73  13  54  48
 a60   32  69  78  68  13 127 167 104  57 138 138 138  32  79  79  70
 a70   79 138  79 138  57  79  79  79  79 138  79 138  57 138  79 138
 a80   79  79  80 138 138  79 207 230  51 224  79  79  79 164 175 141
 a90  228 226  78 180  79  79 138  62  57 226 138 160  57 138  79  79
 aa0   57  79 237  53 181 212  79  79  79  79 175 141 128  48  48  39
 ab0  128  79  79 188 183  66  79 207  22 133 137  79  79  79  49  38
 ac0  181 133 161 224  78  79  79  54  79 145 130  64  36  12 192  79
 ad0   79  49  79  38 165 145 173  79  79  79  79   0 145 197  57  24
 ae0  173 163  79  79  79 138  57 138  79 138  57 138  79  79  57 138
 af0   79 175 141  36 229  33  79  79  32  79 210 150 163   6  62 175
 b00   79  79   2  79 138  76  57 226 138  79  79  79 138  62 197 138
 b10  138 230  57  79  79  79 174 167  79 207  46 175 141  79  79  79
 b20  190 194 181 228 197   6 160  79  79 163  79 138   0  16   0  79
 b30    0  79  79 100  79 160  34 103 142  66  79  79  79   0 215 102
 b40   37 162 243 161  79  79  79 102  37  79 207   2  57 138  79  79
 b50   57 138 179 237  57 138  79 138  79  79  79  79  57 138  79 138
 b60   79 138  79  79 139  79  80 231 100   0  36  79  79  79 165   0
 b70  175 141 128   1   0  79  79 169 145 226 138 207  57 226 175  79
 b80   79 138 138 101  57 138 227 166  35  79  79 165  79 141 125   4
 b90   33  79 114  79  79 166  79  54  37 161 255  33  79  79  79 102
 ba0  105 237   7 181 164 160  79  79  79 164  38  79 207 231 132 102
 bb0   79  79  79 252 129 199   0 230 160 211  79  79 115  79  57 138
 bc0  226  34  79 138  79  79  57  79  79 138  57 138  79  79  79  79
 bd0   79 138 165 175 141 138 144  79  79  79 161  22  79 207 129 102
 be0  178  79  79  79 161 192 178   0 178   2 162   9  49  32  12   5
 bf0  234   8 201 112 200   6 159   6  62   6 140   0  16 128  79  79
 c00  182 182 182 182 182 182 182 182 182 182 182 182 182 182 246 246
 c10  182 182 182 182 182 182 182 182 182 182 182 182 182 182 246 246
 c20  182 182 182 182 182 182 182 182 182 182 182 182 182 246 246 246
 c30  182 182 182 182 182 182 182 182 182 182 182 182 182 182 182 182
 c40  182 182 182 182 182 182 182 182 182 182 182 182 182 246 246 246
 c50  182 182 182 182 182 182 182 182 182 182 182 182 182 182 182 246
 c60  182 182 182 182 182 182 182 182 182 182 182 182 182 246 246 246
 c70  182 182 182 182 182 182 182 182 182 182 182 182 182 182 182 182
 c80  182 182 182 182 182 182 182 182 182 182 182 182 182 182 246 246
 c90  182 182 182 182 182 182 182 182 182 182 182 182 182 182 246 246
 ca0  182 182 182 182 182 182 182 182 182 182 182 182 182 182 182 246
 cb0  182 182 182 182 182 182 182 182 182 182 182 182 182 182 182 182
 cc0  182 182 182 182 182 182 182 182 182 182 182 182 182 182 246 246
 cd0  182 182 182 182 182 182 182 182 182 182 182 182 182 182 182 182
 ce0  182 182 182 182 182 182 182 182 182 182 182 182 182 182 182 182
 cf0  182 182 182 182 182 182 182 182 182 182 182 182 182 182 182 182
 d00  182 182 182 182 182 182 182 182 182 182 182 182 246 246 246 246
 d10  182 182 182 182 182 182 182 182 182 182 182 182 246 182 246 246
 d20  182 182 182 182 182 182 182 182 182 182 182 182 246 246 246 246
 d30  182 182 182 182 182 182 182 182 182 182 182 182 182 246 246 246
 d40  182 182 182 182 182 182 182 182 182 182 182 182 182 182 246 246
 d50  182 182 182 182 182 182 182 182 182 182 182 182 182 182 182 246
 d60  182 182 182 182 182 182 182 182 182 182 182 182 182 182 246 246
 d70  182 182 182 182 182 182 182 182 182 182 182 182 182 182 182 182
 d80  182 182 182 182 182 182 182 182 182 182 182 182 246 182 246 246
 d90  182 182 182 182 182 182 182 182 182 182 182 182 182 182 246 246
 da0  182 182 182 182 182 182 182 182 182 182 182 182 182 246 246 246
 db0  182 182 182 182 182 182 182 182 182 182 182 182 182 182 182 182
 dc0  182 182 182 182 182 182 182 182 182 182 182 182 182 182 246 246
 dd0  182 182 182 182 182 182 182 182 182 182 182 182 182 182 246 182
 de0  182 182 182 182 182 182 182 182 182 182 182 182 182 182 246 246
 df0  182 182 182 182 182 182 182 182 182 182 182 182 182 182 182 182
 e00  182 182 182 182 182 182 182 182 182 182 182 182 246 246 246 246
 e10  182 182 182 182 182 182 182 182 182 182 182 182 246 182 182 246
 e20  182 182 182 182 182 182 182 182 182 182 182 182 182 246 246 246
 e30  182 182 182 182 182 182 182 182 182 182 182 182 182 246 246 246
 e40  182 182 182 182 182 182 182 182 182 182 182 182 246 246 246 246
 e50  182 182 182 182 182 182 182 182 182 182 182 182 182 182 246 246
 e60  182 182 182 182 182 182 182 182 182 182 182 182 182 246 182 246
 e70  182 182 182 182 182 182 182 182 182 182 182 182 182 246 246 182
 e80  182 182 182 182 182 182 182 182 182 182 182 182 246 246 246 246
 e90  182 182 182 182 182 182 182 182 182 182 182 182 182 246 246 246 
 ea0  182 182 182 182 182 182 182 182 182 182 182 182 182 246 246 246
 eb0  182 182 182 182 182 182 182 182 182 182 182 182 182 182 182 246
 ec0  182 182 182 182 182 182 182 182 182 182 182 182 246 182 246 246
 ed0  182 182 182 182 182 182 182 182 182 182 182 182 182 182 246 246
 ee0  182 182 182 182 182 182 182 182 182 182 182 182 182 182 182 246
 ef0  182 182 182 182 182 182 182 182 182 182 182 182 182 182 182 182
 f00  182 182 182 182 182 182 182 246 182 182 182 246 246 246 246 246
 f10  182 182 182 182 182 182 182 182 182 182 182 182 182 246 246 246
 f20  182 182 182 182 182 182 182 182 182 182 182 182 246 246 246 246
 f30  182 182 182 182 182 182 182 182 182 182 182 182 182 246 246 246
 f40  182 182 182 182 182 182 182 246 182 182 182 182 246 246 246 246
 f50  182 182 182 182 182 182 182 182 182 182 182 182 182 182 246 246
 f60  182 182 182 182 182 182 182 246 182 182 182 182 246 246 246 246
 f70  182 182 182 182 182 182 182 182 182 182 182 182 182 182 246 246
 f80  182 182 182 182 182 182 182 182 182 182 182 182 246 246 246 246
 f90  182 182 182 182 182 182 182 182 182 182 182 182 182 182 246 246
 fa0  182 182 182 182 182 182 182 182 182 182 182 182 246 246 246 246
 fb0  182 182 182 182 182 182 182 182 182 182 182 182 182 182 246 246
 fc0  182 182 182 182 182 182 182 182 182 182 182 182 246 246 246 246
 fd0  182 182 182 182 182 182 182 182 182 182 182 182 182 182 182 246
 fe0  182 182 182 182 182 182 182 182 182 182 182 182 182 246 246 246
 ff0  182 182 182 182 182 182 182 182 182 182 182 182 182 182 182 246
1000    0  16   0   0   0   0   0   0   0   0   0   0   0   0   0   0
1010   16  16   0   0   1   0   0   0   0   0   0   0   0   0   0   0
1020    0   0   0   0   0   0   0   0   0   0   0   0   0   0   0   0
1030    0   0   0   0  52  16  20   0   1   0   1   0   0   0   0   0
1040    0   0   0   0   0   0 235 222  79  79  79 175 141  33  16  97
1050  217  88  79  79 241  79  73 226  72 175  79  79  79  79  57  79
1060  138  93  57 138 138  79  79 175 141  14 234 207  78  23   1   0
1070  255  31  16  26  18 160 141 158 242  79  79  79  51 143 216  62
1080    6 137 129  79  79 192  79  73 251  82  49  13  57  54  13  82
1090   73  61  65  84  79  35  49  70  70  70  13  58  80  82  73  78
10a0   84  73  33  64  73  58  78  69  88  84  73  13  57 138 175 141
10b0   57 138  79 138  79  79  79  79  73  64  79 138  79  79  79  79
10c0    2  79  88 199  28 178  82  79  79 226 175 128   0 207 138   0
10d0   78  79  79  79  57 138 138  75 175 141   0  79  79 138  67  82
10e0    8 118 219   9 221  79  79 141  16   0 144   5  70  18  70  18
10f0   16  18 242   5  52  16  52   7 200   6 159   6  62   6 236   4
























